50 4 3 1
0.1	1.787	50.02	6.901
0.11	1.788	50.04	6.902
0.12	1.789	50.06	6.903
0.13	1.79	50.08	6.904
0.14	1.791	50.1	6.905
0.15	1.792	50.12	6.906
0.16	1.793	50.14	6.907
0.17	1.794	50.16	6.908
0.18	1.795	50.18	6.909
0.19	1.796	50.2	6.91
0.2	1.797	50.22	6.911
0.21	1.798	50.24	6.912
0.22	1.799	50.26	6.913
0.23	1.8	50.28	6.914
0.24	1.801	50.3	6.915
0.25	1.802	50.32	6.916
0.26	1.803	50.34	6.917
0.27	1.804	50.36	6.918
0.28	1.805	50.38	6.919
0.29	1.806	50.4	6.92
0.3	1.807	50.42	6.921
0.31	1.808	50.44	6.922
0.32	1.809	50.46	6.923
0.33	1.81	50.48	6.924
0.34	1.811	50.5	6.925
0.35	1.812	50.52	6.926
0.36	1.813	50.54	6.927
0.37	1.814	50.56	6.928
0.38	1.815	50.58	6.929
0.39	1.816	50.6	6.93
0.4	1.817	50.62	6.931
0.41	1.818	50.64	6.932
0.42	1.819	50.66	6.933
0.43	1.82	50.68	6.934
0.44	1.821	50.7	6.935
0.45	1.822	50.72	6.936
0.46	1.823	50.74	6.937
0.47	1.824	50.76	6.938
0.48	1.825	50.78	6.939
0.49	1.826	50.8	6.94
0.5	1.827	50.82	6.941
0.51	1.828	50.84	6.942
0.52	1.829	50.86	6.943
0.53	1.83	50.88	6.944
0.54	1.831	50.9	6.945
0.55	1.832	50.92	6.946
0.56	1.833	50.94	6.947
0.57	1.834	50.96	6.948
0.58	1.835	50.98	6.949
0.59	1.836	51	6.95
0.113477029
0.122459306
0.131278131
0.139949665
0.148487348
0.15690252
0.165204867
0.173402748
0.181503448
0.189513365
0.19743816
0.205282874
0.213052022
0.220749672
0.228379502
0.235944856
0.243448785
0.250894084
0.258283319
0.265618858
0.272902887
0.280137437
0.287324391
0.294465506
0.301562422
0.308616673
0.315629697
0.322602845
0.329537387
0.336434523
0.34329538
0.35012103
0.356912483
0.363670698
0.370396585
0.37709101
0.383754795
0.390388723
0.396993543
0.403569967
0.410118677
0.416640325
0.423135533
0.429604901
0.436048999
0.442468379
0.448863568
0.455235074
0.461583383
0.467908965


